9596139527900064
0240320697412283
5441767471407427
7903408453739586
3919216344900388
0745874086792744
9439502638479413
4978980334354113
8032529924667351
4851142832395036
7086831437019055
3985402251945006
8696818964013465
7494654435059719
2387775292553667
1422231933609912
9949478886636383
6476141194328321
4301199617651028
5296823655137171
3613287617475306
5511618817261217
4158719016046959
5314173541539324
2634468339612931
1980182815906162
2274431948676279
8419926389294886
2478139946464055
6626672392212433
5348471384587147
5870199722727346
1893854914865928
7630066250652592
1236269356504985
8190167012085965
1141528011722371
7208257746137768
0250254791846528
3412908837392649
1388770761633108
0479083911417908
0692562398614416
5055375985903551
2176876115637194
0006733352065867
7674700877426052
3610591284584510
3490618853935731
8012309368273006
1981230838199108
5603413233094910
2622549674612983
0973397997798003
1074888470579367
1987487659064767
0721878619098172
5090663616746533
2518993229550675
9033818099038586
7484304881928134
3784139638351973
5434831101455962
9436890915325383